eMin: -0.565449 at state 0 ( [ +0.000000 +0.000000 +0.000000 ] spin 0 )
HOMO: +0.155578 at state 16 ( [ +0.000000 +0.500000 +0.000000 ] spin 0 )
mu  : +0.300000
LUMO: +0.385901 at state 0 ( [ +0.000000 +0.000000 +0.000000 ] spin 0 )
eMax: +1.828720 at state 1 ( [ +0.000000 +0.000000 +0.166667 ] spin 0 )
HOMO-LUMO gap: +0.230323
Optical gap  : +0.234125 at state 0 ( [ +0.000000 +0.000000 +0.000000 ] spin 0 )
