eMin: -0.822780 at state 0 ( [ +0.000000 +0.000000 +0.000000 ] spin 0 )
HOMO: +0.032849 at state 0 ( [ +0.000000 +0.000000 +0.000000 ] spin 0 )
mu  : +0.100000
LUMO: +0.475571 at state 0 ( [ +0.000000 +0.000000 +0.000000 ] spin 0 )
eMax: +1.952309 at state 0 ( [ +0.000000 +0.000000 +0.000000 ] spin 0 )
HOMO-LUMO gap: +0.442723
Optical gap  : +0.442723 at state 0 ( [ +0.000000 +0.000000 +0.000000 ] spin 0 )
